Run semi-empirical minimization
 &qmmm
    qm_theory='AM1', grms_tol=0.0005,
 scfconv=1.d-10, ndiis_attempts=700,   qmcharge=0,
 /
   6    C1       -4.0050       29.1610       16.5120 
   8    O1       -5.0060       30.1780       16.4880 
   6    C2       -6.3050       29.7860       16.3060 
   6    C3       -6.7620       28.4720       16.3700 
   6    C4       -8.1170       28.1750       16.2390 
   6    C5       -8.6340       26.7560       16.3730 
   6    C6       -8.7870       26.1880       17.7880 
   6    C7       -8.2920       26.8250       18.9160 
   7    N1       -8.3520       26.3000       20.1530 
   6    C8       -8.9430       25.0910       20.2870 
   7    N2       -9.0110       24.5550       21.5070 
   7    N3       -9.4840       24.3950       19.2740 
   6    C9       -9.3840       24.9180       18.0340 
   7    N4       -9.9030       24.1780       17.0310 
   6   C10       -8.9990       29.2110       15.9630 
   6   C11       -8.5500       30.5260       15.8890 
   8    O2       -9.3460       31.6100       15.6690 
   6   C12       -7.2040       30.8330       16.0840 
   8    O3       -6.7730       32.1400       15.9510 
   6   C13       -6.4700       32.8200       17.1580 

